000005
000016
000038
000073
000089
000108
000125
000131
000161
000163
000183
000198
000199
000201
000222
000237
000261
000266
000267
000276
000296
000297
000314
000354
000388
000410
000413
000429
000435
000438
000449
000476
000477
000500
000507
000511
000569
000575
000619
000634
000640
000665
000666
000668
000669
000693
000695
000700
000705
000711
000720
000730
000740
000752
000760
000761
000775
000793
000797
000840
000854
000859
000866
000892
000937
000941
000954
000955
000956
000961
000979
000984
001018
001033
001034
001038
001039
001051
001052
001057
001058
001069
001078
001083
001092
001103
001163
001196
001201
001209
001218
001274
001276
001279
001289
001290
001296
001299
001303
001312
001322
001329
001358
001360
001372
001412
001423
001425
001430
001441
001454
001465
001466
001473
001485
001487
001494
001503
001509
001521
001535
001543
001559
001600
001602
001646
001653
001689
001690
001702
001725
001728
001804
001817
001867
001959
001982
001988
001990
001991
002007
002010
002041
002047
002080
002085
002089
002091
002123
002165
002184
002191
002192
002193
002196
002198
002215
002223
002226
002229
002258
002273
002278
002280
002283
002326
002346
002349
002356
002358
002360
002362
002370
002374
002379
002401
002438
002441
002446
002455
002472
002498
002502
002506
002512
002513
002546
002552
002574
002583
002599
002604
002616
002618
002631
002637
002656
002659
002668
002712
002727
002740
002745
002759
002777
002781
002792
002802
002803
002805
002818
002820
002823
002830
002847
002892
002900
002910
002919
002950
002956
002957
002975
003005
003007
003008
003011
003024
003031
003036
003040
003050
003055
003069
003082
003088
003093
003128
003130
003131
003144
003157
003185
003202
003231
003234
003240
003263
003284
003286
003289
003297
003330
003348
003350
003386
003413
003415
003422
003423
003440
003455
003481
003483
003485
003489
003506
003512
003519
003524
003547
003550
003561
003568
003589
003634
003637
003643
003645
003663
003666
003694
003703
003725
003731
003734
003748
003751
003758
003764
003775
003778
003793
003820
003831
003869
003883
003888
003901
003926
003927
003939
003952
003955
003987
004005
004006
004034
004080
004085
004086
004093
004107
004123
004138
004140
004148
004149
004155
004165
004175
004189
004209
004223
004232
004238
004239
004246
004268
004277
004285
004294
004295
004300
004321
004339
004369
004377
004378
004395
004398
004401
004436
004459
004461
004472
004495
004503
004522
004523
004536
004548
004559
004570
004575
004579
004592
004597
004612
004614
004621
004622
004644
004653
004687
004691
004695
004735
004739
004750
004753
004759
004770
004774
004791
004792
004794
004827
004846
004852
004856
004859
004879
004886
004906
004909
004915
004917
004923
004936
004941
004949
004954
004968
004978
005006
005008
005029
005084
005088
005089
005092
005117
005159
005182
005187
005189
005190
005197
005214
005215
005218
005219
005227
005243
005253
005259
005286
005298
005307
005310
005327
005329
005365
005379
005408
005412
005421
005425
005440
005441
005449
005514
005515
005525
005537
005554
005590
005599
005615
005622
005629
005632
005671
005691
005745
005757
005771
005780
005781
005787
005791
005817
005840
005845
005857
005872
005874
005906
005944
005963
005969
005970
005978
005993
005997
006002
006024
006051
006082
006088
006096
006116
006122
006136
006151
006153
006157
006162
006209
006218
006231
006269
006317
006327
006335
006352
006372
006381
006394
006405
006408
006438
006456
006462
006478
006484
006489
006502
006545
006564
006577
006579
006625
006633
006640
006654
006667
006673
006676
006679
006682
006717
006719
006725
006737
006743
006766
006781
006787
006801
006803
006828
006835
006838
006843
006852
006854
006858
006861
006872
006885
006894
006902
006905
006958
006969
006971
006984
006985
007009
007016
007021
007032
007041
007043
007046
007056
007085
007096
007100
007104
007105
007112
007135
007138
007154
007170
007185
007188
007195
007206
007212
007227
007236
007238
007251
007294
007296
007310
007315
007318
007334
007350
007355
007371
007384
007389
007399
007414
007423
007435
007445
007446
007454
007464
007476
007491
007498
007501
007515
007519
007523
007544
007545
007573
007574
007576
007577
007582
007588
007596
007622
007624
007625
007639
007640
007644
007651
007667
007669
007671
007676
007681
007689
007691
007737
007757
007758
007761
007765
007795
007805
007824
007843
007852
007870
007891
007899
007905
007906
007929
007933
007935
007948
007963
007997
008004
008055
008056
008060
008082
008093
008099
008104
008105
008126
008130
008140
008164
008180
008197
008204
008223
008234
008244
008258
008293
008297
008302
008310
008324
008336
008362
008365
008368
008392
008408
008433
008440
008455
008462
008469
008474
008483
008495
008518
008522
008524
008527
008530
008540
008548
008565
008578
008582
008585
008598
008612
008614
008627
008628
008655
008691
008699
008702
008716
008755
008797
008860
008865
008881
008917
008918
008929
008930
008932
008941
008944
008966
008978
008999
009000
009022
009035
009058
009060
009063
009066
009073
009097
009102
009115
009146
009164
009167
009178
009184
009185
009208
009226
009230
009236
009242
009248
009252
009253
009256
009280
009285
009287
009291
009293
009294
009305
009317
009321
009329
009331
009352
009356
009357
009365
009374
009408
009422
009433
009453
009486
009497
009514
009525
009537
009538
009541
009549
009554
009587
009596
009609
009616
009624
009626
009650
009670
009687
009743
009754
009770
009771
009784
009788
009791
009792
009799
009801
009805
009810
009854
009868
009873
009883
009886
009887
009900
009927
009948
009950
009955
009964
009979
009991
010002
010008
010009
010036
010059
010079
